0
0.111
0.1568
0.1924
0.2237
0.2529
0.2809
0.3084
0.3358
0.3634
0.3914
0.42
0.4493
0.4795
0.5105
0.5424
0.5753
0.6092
0.6441
0.6802
0.7176
0.7568
0.7982
0.8428
0.8918
0.9469
1.01
1.085
1.173
1.28
1.407
1.559
1.74
1.951
2.196
2.477
2.797
3.157
3.559
4.005
4.496
5.034
5.621
6.257
6.944
7.683
8.476
9.323
10.23
11.18
12.2
13.27
14.41
15.6
16.85
18.16
19.54
20.97
22.47
24.03
25.65
27.33
29.08
30.89
32.76
34.69
36.68
38.74
40.86
43.05
45.29
47.59
49.95
52.38
54.86
57.4
60
62.66
65.38
68.16
71
73.88
76.82
79.82
82.87
85.99
89.14
92.35
95.61
98.92
102.3
105.7
109.2
112.7
116.2
119.8
123.5
127.2
130.9
134.7
138.5
142.4
146.3
150.2
154.2
158.2
162.3
166.4
170.5
174.7
178.9
183.1
187.4
191.7
196
200.3
204.7
209.2
213.6
218.1
222.6
227.1
231.7
236.3
240.9
245.5
250.2
254.8
259.5
264.2
269
273.7
278.5
283.3
288.1
292.9
297.7
302.6
307.5
312.4
317.3
322.2
327.1
332.1
337
342
347
351.9
356.9
361.9
367
372
377
382.1
387.1
392.2
397.2
402.2
407.3
412.4
417.4
422.5
427.6
432.7
437.9
443
448.1
453.1
458.2
463.3
468.4
473.5
478.6
483.7
488.8
493.9
499
504.1
509.2
514.3
519.4
524.5
529.5
534.6
539.7
544.7
549.8
554.9
559.9
565
570.1
575.1
580.2
585.2
590.2
595.3
600.3
605.3
610.3
615.3
615.3
660
703.9
747.2
789.6
831.3
871.8
911.8
950.6
988.5
1026
1062
1097
1131
1165
1197
1229
1261
1291
1320
1349
1377
1405
1432
1458
1483
1508
1533
1557
1580
1603
1625
1647
1668
1689
1710
1730
1749
1769
1788
1806
1824
1842
1860
1877
1894
1910
1926
1942
1958
1973
1988
2003
2018
2032
2047
2060
2074
2087
2100
2113
2126
2139
2152
2164
2176
2187
2199
2210
2222
2233
2244
2255
2266
2276
2287
2297
2307
2317
2327
2337
2346
2356
2365
2374
2383
2392
2401
2410
2418
2427
2435
2444
2452
2460
2468
2476
2484
2492
2499
2507
2514
2522
2529
2536
2543
2550
2557
2564
2571
2578
2584
2591
2597
2604
2610
2617
2623
2629
2635
2641
2647
2653
2659
2665
2670
2676
2682
2687
2693
2698
2704
2709
2714
2720
2725
2730
2735
2740
2745
2750
2755
2759
2764
2769
2774
2778
2783
2788
2792
2797
2801
2806
2810
2814
2818
2823
2827
2831
2835
2839
2843
2847
2851
2855
2859
2863
2867
2870
2874
2878
2882
2885
2889
2892
2896
2899
2903
2906
2910
2913
2917
2920
2923
2927
2930
2933
2936
2939
2942
2946
2949
2952
2955
2958
2961
2964
2967
2970
2972