2.325E-15
2.154E-15
1.561E-15
1.302E-15
1.283E-15
1.425E-15
1.68E-15
2.018E-15
2.418E-15
2.869E-15
3.361E-15
3.888E-15
4.446E-15
5.031E-15
5.642E-15
6.277E-15
6.934E-15
7.613E-15
8.312E-15
9.031E-15
9.77E-15
1.053E-14
1.13E-14
1.21E-14
1.291E-14
1.374E-14
1.459E-14
1.545E-14
1.633E-14
1.723E-14
1.814E-14
1.907E-14
2.002E-14
2.098E-14
2.195E-14
2.294E-14
2.395E-14
2.497E-14
2.601E-14
2.706E-14
2.812E-14
2.92E-14
3.028E-14
3.139E-14
3.25E-14
3.362E-14
3.476E-14
3.59E-14
3.706E-14
3.823E-14
3.94E-14
4.058E-14
4.178E-14
4.298E-14
4.418E-14
4.54E-14
4.662E-14
4.785E-14
4.908E-14
5.031E-14
5.156E-14
5.28E-14
5.405E-14
5.531E-14
5.656E-14
5.782E-14
5.908E-14
6.034E-14
6.161E-14
6.288E-14
6.414E-14
6.541E-14
6.668E-14
6.794E-14
6.921E-14
7.048E-14
7.174E-14
7.3E-14
7.427E-14
7.553E-14
7.679E-14
7.804E-14
7.93E-14
8.055E-14
8.18E-14
8.304E-14
8.429E-14
8.552E-14
8.676E-14
8.799E-14
8.922E-14
9.045E-14
9.167E-14
9.288E-14
9.409E-14
9.53E-14
9.65E-14
9.77E-14
9.89E-14
1.001E-13
1.013E-13
1.024E-13
1.036E-13
1.048E-13
1.06E-13
1.071E-13
1.083E-13
1.094E-13
1.106E-13
1.117E-13
1.128E-13
1.14E-13
1.151E-13
1.162E-13
1.173E-13
1.184E-13
1.195E-13
1.206E-13
1.217E-13
1.228E-13
1.238E-13
1.249E-13
1.26E-13
1.27E-13
1.281E-13
1.291E-13
1.302E-13
1.312E-13
1.323E-13
1.333E-13
1.343E-13
1.353E-13
1.363E-13
1.373E-13
1.383E-13
1.393E-13
1.403E-13
1.413E-13
1.423E-13
1.433E-13
1.442E-13
1.452E-13
1.461E-13
1.471E-13
1.48E-13
1.49E-13
1.499E-13
1.508E-13
1.518E-13
1.527E-13
1.536E-13
1.545E-13
1.554E-13
1.563E-13
1.572E-13
1.581E-13
1.59E-13
1.599E-13
1.607E-13
1.616E-13
1.625E-13
1.633E-13
1.642E-13
1.65E-13
1.659E-13
1.667E-13
1.676E-13
1.684E-13
1.692E-13
1.701E-13
1.709E-13
1.717E-13
1.725E-13
1.733E-13
1.741E-13
1.749E-13
1.757E-13
1.765E-13
1.773E-13
1.781E-13
1.788E-13
1.796E-13
1.804E-13
1.811E-13
1.819E-13
1.827E-13
1.834E-13
1.842E-13
1.849E-13
1.857E-13
1.864E-13
1.871E-13
1.879E-13
1.886E-13
1.893E-13
1.9E-13
1.907E-13
1.915E-13
1.922E-13
1.929E-13
1.929E-13
1.991E-13
2.05E-13
2.106E-13
2.161E-13
2.213E-13
2.263E-13
2.312E-13
2.358E-13
2.403E-13
2.446E-13
2.488E-13
2.528E-13
2.567E-13
2.605E-13
2.642E-13
2.678E-13
2.712E-13
2.746E-13
2.778E-13
2.81E-13
2.841E-13
2.871E-13
2.9E-13
2.929E-13
2.957E-13
2.984E-13
3.011E-13
3.037E-13
3.062E-13
3.087E-13
3.111E-13
3.135E-13
3.158E-13
3.181E-13
3.203E-13
3.225E-13
3.246E-13
3.267E-13
3.288E-13
3.308E-13
3.328E-13
3.347E-13
3.366E-13
3.385E-13
3.404E-13
3.422E-13
3.44E-13
3.457E-13
3.474E-13
3.491E-13
3.508E-13
3.524E-13
3.54E-13
3.556E-13
3.572E-13
3.587E-13
3.603E-13
3.617E-13
3.632E-13
3.647E-13
3.661E-13
3.675E-13
3.689E-13
3.703E-13
3.716E-13
3.73E-13
3.743E-13
3.756E-13
3.769E-13
3.781E-13
3.794E-13
3.806E-13
3.818E-13
3.83E-13
3.842E-13
3.854E-13
3.865E-13
3.877E-13
3.888E-13
3.899E-13
3.91E-13
3.921E-13
3.931E-13
3.942E-13
3.953E-13
3.963E-13
3.973E-13
3.983E-13
3.993E-13
4.003E-13
4.013E-13
4.023E-13
4.032E-13
4.042E-13
4.051E-13
4.06E-13
4.069E-13
4.078E-13
4.087E-13
4.096E-13
4.105E-13
4.114E-13
4.122E-13
4.131E-13
4.139E-13
4.148E-13
4.156E-13
4.164E-13
4.172E-13
4.18E-13
4.188E-13
4.196E-13
4.204E-13
4.211E-13
4.219E-13
4.226E-13
4.234E-13
4.241E-13
4.249E-13
4.256E-13
4.263E-13
4.27E-13
4.277E-13
4.284E-13
4.291E-13
4.298E-13
4.305E-13
4.311E-13
4.318E-13
4.325E-13
4.331E-13
4.338E-13
4.344E-13
4.351E-13
4.357E-13
4.363E-13
4.369E-13
4.376E-13
4.382E-13
4.388E-13
4.394E-13
4.4E-13
4.405E-13
4.411E-13
4.417E-13
4.423E-13
4.429E-13
4.434E-13
4.44E-13
4.445E-13
4.451E-13
4.456E-13
4.462E-13
4.467E-13
4.472E-13
4.478E-13
4.483E-13
4.488E-13
4.493E-13
4.498E-13
4.503E-13
4.508E-13
4.513E-13
4.518E-13
4.523E-13
4.528E-13
4.533E-13
4.538E-13
4.543E-13
4.547E-13
4.552E-13
4.557E-13
4.561E-13
4.566E-13
4.57E-13
4.575E-13
4.579E-13
4.584E-13
4.588E-13
4.592E-13
4.597E-13
4.601E-13
4.605E-13
4.609E-13
4.614E-13
4.618E-13
4.622E-13
4.626E-13
4.63E-13
4.634E-13
4.638E-13
4.642E-13
4.646E-13
4.65E-13
4.654E-13
4.658E-13
4.662E-13
4.665E-13
4.669E-13