0
0
0
0
0
0
0
0
0
0
0
0
0
0
0
0
0
0
0
0
0
1.837E-25
2.376E-24
9.994E-24
2.996E-23
7.518E-23
1.687E-22
3.498E-22
6.816E-22
1.263E-21
2.241E-21
3.828E-21
6.322E-21
1.013E-20
1.58E-20
2.403E-20
3.573E-20
5.201E-20
7.428E-20
1.042E-19
1.438E-19
1.954E-19
2.619E-19
3.463E-19
4.523E-19
5.841E-19
7.461E-19
9.436E-19
1.182E-18
1.468E-18
1.807E-18
2.208E-18
2.677E-18
3.224E-18
3.856E-18
4.584E-18
5.416E-18
6.364E-18
7.438E-18
8.649E-18
1.001E-17
1.153E-17
1.322E-17
1.51E-17
1.718E-17
1.947E-17
2.198E-17
2.473E-17
2.774E-17
3.101E-17
3.456E-17
3.841E-17
4.256E-17
4.704E-17
5.185E-17
5.702E-17
6.255E-17
6.846E-17
7.477E-17
8.148E-17
8.861E-17
9.618E-17
1.042E-16
1.127E-16
1.216E-16
1.311E-16
1.41E-16
1.514E-16
1.624E-16
1.739E-16
1.86E-16
1.986E-16
2.118E-16
2.255E-16
2.399E-16
2.548E-16
2.704E-16
2.866E-16
3.034E-16
3.208E-16
3.389E-16
3.577E-16
3.771E-16
3.972E-16
4.179E-16
4.393E-16
4.615E-16
4.843E-16
5.078E-16
5.32E-16
5.57E-16
5.826E-16
6.09E-16
6.361E-16
6.639E-16
6.924E-16
7.217E-16
7.518E-16
7.825E-16
8.141E-16
8.463E-16
8.793E-16
9.131E-16
9.476E-16
9.829E-16
1.019E-15
1.056E-15
1.093E-15
1.132E-15
1.171E-15
1.21E-15
1.251E-15
1.292E-15
1.334E-15
1.377E-15
1.421E-15
1.465E-15
1.51E-15
1.556E-15
1.602E-15
1.65E-15
1.698E-15
1.747E-15
1.796E-15
1.846E-15
1.897E-15
1.949E-15
2.002E-15
2.055E-15
2.109E-15
2.163E-15
2.219E-15
2.275E-15
2.331E-15
2.389E-15
2.447E-15
2.506E-15
2.565E-15
2.626E-15
2.687E-15
2.748E-15
2.81E-15
2.873E-15
2.937E-15
3.001E-15
3.066E-15
3.132E-15
3.198E-15
3.265E-15
3.332E-15
3.401E-15
3.469E-15
3.539E-15
3.609E-15
3.679E-15
3.751E-15
3.823E-15
3.895E-15
3.968E-15
4.042E-15
4.116E-15
4.191E-15
4.266E-15
4.342E-15
4.419E-15
4.496E-15
4.573E-15
4.652E-15
4.73E-15
4.81E-15
4.89E-15
4.97E-15
5.051E-15
5.132E-15
5.214E-15
5.297E-15
5.38E-15
5.463E-15
5.547E-15
5.631E-15
5.631E-15
6.412E-15
7.229E-15
8.078E-15
8.956E-15
9.86E-15
1.079E-14
1.173E-14
1.27E-14
1.368E-14
1.467E-14
1.568E-14
1.669E-14
1.771E-14
1.874E-14
1.977E-14
2.081E-14
2.184E-14
2.288E-14
2.392E-14
2.496E-14
2.6E-14
2.704E-14
2.807E-14
2.91E-14
3.013E-14
3.115E-14
3.217E-14
3.318E-14
3.419E-14
3.519E-14
3.619E-14
3.718E-14
3.817E-14
3.915E-14
4.012E-14
4.108E-14
4.204E-14
4.299E-14
4.394E-14
4.488E-14
4.581E-14
4.673E-14
4.765E-14
4.855E-14
4.946E-14
5.035E-14
5.124E-14
5.212E-14
5.299E-14
5.386E-14
5.472E-14
5.557E-14
5.641E-14
5.725E-14
5.808E-14
5.89E-14
5.972E-14
6.053E-14
6.133E-14
6.213E-14
6.291E-14
6.37E-14
6.447E-14
6.524E-14
6.6E-14
6.676E-14
6.751E-14
6.825E-14
6.899E-14
6.972E-14
7.044E-14
7.116E-14
7.187E-14
7.258E-14
7.328E-14
7.397E-14
7.466E-14
7.534E-14
7.602E-14
7.669E-14
7.735E-14
7.801E-14
7.867E-14
7.932E-14
7.996E-14
8.06E-14
8.123E-14
8.186E-14
8.248E-14
8.31E-14
8.371E-14
8.432E-14
8.492E-14
8.552E-14
8.611E-14
8.67E-14
8.728E-14
8.786E-14
8.843E-14
8.9E-14
8.956E-14
9.012E-14
9.068E-14
9.123E-14
9.178E-14
9.232E-14
9.286E-14
9.339E-14
9.392E-14
9.445E-14
9.497E-14
9.549E-14
9.6E-14
9.651E-14
9.702E-14
9.752E-14
9.802E-14
9.851E-14
9.9E-14
9.949E-14
9.997E-14
1.005E-13
1.009E-13
1.014E-13
1.019E-13
1.023E-13
1.028E-13
1.033E-13
1.037E-13
1.042E-13
1.046E-13
1.051E-13
1.055E-13
1.059E-13
1.064E-13
1.068E-13
1.072E-13
1.077E-13
1.081E-13
1.085E-13
1.089E-13
1.093E-13
1.097E-13
1.102E-13
1.106E-13
1.11E-13
1.114E-13
1.118E-13
1.122E-13
1.125E-13
1.129E-13
1.133E-13
1.137E-13
1.141E-13
1.145E-13
1.148E-13
1.152E-13
1.156E-13
1.16E-13
1.163E-13
1.167E-13
1.17E-13
1.174E-13
1.178E-13
1.181E-13
1.185E-13
1.188E-13
1.192E-13
1.195E-13
1.198E-13
1.202E-13
1.205E-13
1.208E-13
1.212E-13
1.215E-13
1.218E-13
1.222E-13
1.225E-13
1.228E-13
1.231E-13
1.235E-13
1.238E-13
1.241E-13
1.244E-13
1.247E-13
1.25E-13
1.253E-13
1.256E-13
1.259E-13
1.262E-13
1.265E-13
1.268E-13
1.271E-13
1.274E-13
1.277E-13
1.28E-13
1.283E-13
1.286E-13
1.288E-13