0.03878
0.05025
0.1005
0.1508
0.201
0.2513
0.3015
0.3518
0.402
0.4523
0.5025
0.5528
0.603
0.6533
0.7035
0.7538
0.804
0.8543
0.9045
0.9548
1.005
1.055
1.106
1.156
1.206
1.256
1.307
1.357
1.407
1.457
1.508
1.558
1.608
1.658
1.709
1.759
1.809
1.859
1.91
1.96
2.01
2.06
2.111
2.161
2.211
2.261
2.312
2.362
2.412
2.462
2.513
2.563
2.613
2.663
2.714
2.764
2.814
2.864
2.915
2.965
3.015
3.065
3.116
3.166
3.216
3.266
3.317
3.367
3.417
3.467
3.518
3.568
3.618
3.668
3.719
3.769
3.819
3.869
3.92
3.97
4.02
4.07
4.121
4.171
4.221
4.271
4.322
4.372
4.422
4.472
4.523
4.573
4.623
4.673
4.724
4.774
4.824
4.874
4.925
4.975
5.025
5.075
5.126
5.176
5.226
5.276
5.327
5.377
5.427
5.477
5.528
5.578
5.628
5.678
5.729
5.779
5.829
5.879
5.93
5.98
6.03
6.08
6.131
6.181
6.231
6.281
6.332
6.382
6.432
6.482
6.533
6.583
6.633
6.683
6.734
6.784
6.834
6.884
6.935
6.985
7.035
7.085
7.136
7.186
7.236
7.286
7.337
7.387
7.437
7.487
7.538
7.588
7.638
7.688
7.739
7.789
7.839
7.889
7.94
7.99
8.04
8.09
8.141
8.191
8.241
8.291
8.342
8.392
8.442
8.492
8.543
8.593
8.643
8.693
8.744
8.794
8.844
8.894
8.945
8.995
9.045
9.095
9.146
9.196
9.246
9.296
9.347
9.397
9.447
9.497
9.548
9.598
9.648
9.698
9.749
9.799
9.849
9.899
9.95
10
10
10.45
10.9
11.36
11.81
12.26
12.71
13.17
13.62
14.07
14.52
14.97
15.43
15.88
16.33
16.78
17.24
17.69
18.14
18.59
19.05
19.5
19.95
20.4
20.85
21.31
21.76
22.21
22.66
23.12
23.57
24.02
24.47
24.92
25.38
25.83
26.28
26.73
27.19
27.64
28.09
28.54
28.99
29.45
29.9
30.35
30.8
31.26
31.71
32.16
32.61
33.07
33.52
33.97
34.42
34.87
35.33
35.78
36.23
36.68
37.14
37.59
38.04
38.49
38.94
39.4
39.85
40.3
40.75
41.21
41.66
42.11
42.56
43.02
43.47
43.92
44.37
44.82
45.28
45.73
46.18
46.63
47.09
47.54
47.99
48.44
48.89
49.35
49.8
50.25
50.7
51.16
51.61
52.06
52.51
52.96
53.42
53.87
54.32
54.77
55.23
55.68
56.13
56.58
57.04
57.49
57.94
58.39
58.84
59.3
59.75
60.2
60.65
61.11
61.56
62.01
62.46
62.91
63.37
63.82
64.27
64.72
65.18
65.63
66.08
66.53
66.98
67.44
67.89
68.34
68.79
69.25
69.7
70.15
70.6
71.06
71.51
71.96
72.41
72.86
73.32
73.77
74.22
74.67
75.13
75.58
76.03
76.48
76.93
77.39
77.84
78.29
78.74
79.2
79.65
80.1
80.55
81.01
81.46
81.91
82.36
82.81
83.27
83.72
84.17
84.62
85.08
85.53
85.98
86.43
86.88
87.34
87.79
88.24
88.69
89.15
89.6
90.05
90.5
90.95
91.41
91.86
92.31
92.76
93.22
93.67
94.12
94.57
95.03
95.48
95.93
96.38
96.83
97.29
97.74
98.19
98.64
99.1
99.55
100